 sad cafe ff 0

 -858993460 -858993460 -858993460 -858993460

 -858993460 -858993460 -858993460 -858993460

 -858993460 -858993460 -858993460 -858993460

 -858993460 -858993460 -858993460 -858993460

 -858993460 -858993460 -858993460 -858993460

 -858993460 -858993460 -858993460 -858993460

 -858993460 -858993460 -858993460 -858993460

 -858993460 -858993460 -858993460 -858993460

 -858993460 -858993460 -858993460 -858993460

 -858993460 -858993460 -858993460 -858993460

 -858993460 -858993460 -858993460 -858993460

 -858993460 -858993460 -858993460 -858993460

 -858993460 -858993460 -858993460 -858993460

 -858993460 -858993460 -858993460 -858993460

 -858993460 -858993460 -858993460 -858993460

 -858993460 -858993460 -858993460 -858993460

 135 235 124 1

